     0.953      0.945      0.956      0.575     0.0277     0.0501          0     0.0093      0.127       0.97    0.00026       3.04      0.923     0.0434     0.0346      0.651      0.901       1.36      0.668        0.2        7.1       2.83          0     0.0164      0.896      0.391      0.397      0.117      0.506          0          0          0        0.5      0.628          0
     0.953      0.937       0.96      0.574     0.0328     0.0394          0     0.0093      0.169      0.979    0.00034       2.42      0.911     0.0732     0.0462      0.567      0.901       1.36      0.588        0.2       4.63       2.83          0     0.0155      0.896      0.321      0.275      0.103      0.414          0          0          0        0.5      0.785          0
     0.958      0.942      0.957      0.572     0.0282      0.051          0    0.00926      0.135      0.972    0.00028       3.08      0.904     0.0407     0.0351      0.656      0.939       1.38      0.668        0.2       7.23       2.83          0     0.0169        0.9      0.391      0.414      0.112      0.447          0          0          0        0.5      0.607          0
     0.972      0.945      0.965      0.571     0.0323     0.0377          0    0.00978      0.168      0.979    0.00034       2.34      0.911     0.0732     0.0462      0.547       0.85       1.36      0.589        0.2       4.43       2.72          0     0.0162      0.857      0.322      0.277       0.11      0.402          0          0          0        0.5      0.856          0
     0.952      0.921      0.958      0.571     0.0283     0.0553          0     0.0124     0.0849      0.924    0.00028       3.64       0.95     0.0409     0.0332      0.574        0.8       1.39      0.712        0.2       7.77       3.57          0     0.0178      0.862      0.432      0.403      0.133      0.447          0          0          0        0.5      0.567          0
     0.963      0.936      0.956      0.571     0.0256     0.0555          0     0.0093      0.127      0.965    0.00029       3.09      0.874     0.0512     0.0317      0.472      0.901       1.53      0.649        0.2       7.23        2.9          0     0.0164      0.848      0.391      0.351      0.115      0.562          0          0          0        0.5      0.614          0
     0.952      0.936      0.969      0.569      0.027     0.0813          0    0.00926      0.135      0.972    0.00026       3.69      0.845     0.0318      0.043      0.646      0.975        1.4      0.688        0.2       7.06       2.42          0     0.0169      0.871      0.382      0.403      0.112      0.447          0          0          0        0.5      0.734          0
     0.964      0.938      0.957       0.57     0.0261     0.0506          0    0.00832       0.13       0.98    0.00027       3.11       0.95     0.0428     0.0338      0.651      0.901        1.3      0.691        0.2       7.17          2          0     0.0162       0.76      0.391      0.397      0.117      0.542          0          0          0        0.5      0.679          0
     0.961      0.923      0.962      0.569     0.0259     0.0435          0     0.0101      0.124      0.977    0.00024       3.35      0.923      0.045     0.0317      0.644      0.754       1.24      0.646        0.2       5.88       2.53          0     0.0175      0.854      0.391      0.397      0.117      0.445          0          0          0        0.5      0.604          0
     0.953      0.934      0.952      0.567     0.0324     0.0384          0    0.00987      0.163       0.98    0.00035        2.4      0.911     0.0711     0.0462      0.533       0.85       1.37      0.607        0.2       4.26       2.81          0     0.0162       0.88      0.339      0.291      0.114      0.413          0          0          0        0.5      0.823          0
     0.955      0.923      0.961      0.561     0.0264     0.0585          0     0.0103      0.125       0.98    0.00026       3.23       0.95     0.0415     0.0322       0.55      0.973       1.46      0.709        0.2       7.42          2          0     0.0164      0.836      0.391      0.397       0.13      0.405          0          0          0        0.5      0.658          0
     0.955       0.93      0.959      0.561     0.0296     0.0505          0    0.00925      0.126       0.97    0.00026       3.08      0.923     0.0434     0.0348      0.654      0.901       1.35      0.657        0.2       7.23       2.89          0     0.0164      0.894      0.391      0.399      0.117      0.508          0          0          0        0.5      0.629          0
     0.945      0.931      0.949      0.561     0.0327     0.0385          0    0.00946       0.17       0.98    0.00034       2.65      0.879     0.0761     0.0462      0.547      0.813       1.24      0.683        0.2       4.43       2.92          0     0.0162      0.724      0.286      0.304      0.109      0.374          0          0          0        0.5      0.911          0
      0.95      0.933      0.948      0.556     0.0321     0.0539          0     0.0111      0.206       0.98    0.00041       3.07      0.947     0.0764     0.0462      0.657      0.811       1.24      0.866        0.2       4.56       2.52          0     0.0154      0.773      0.278      0.302        0.1      0.417          0          0          0        0.5      0.911          0
     0.954      0.919      0.951      0.555     0.0303     0.0504          0     0.0093      0.127       0.98    0.00026       2.96      0.903     0.0429     0.0356      0.654      0.912       1.36      0.667        0.2       6.79       2.83          0     0.0163        0.9      0.398      0.382      0.117      0.508          0          0          0        0.5      0.628          0
      0.95      0.916      0.951      0.549       0.03     0.0522          0    0.00979      0.128      0.962    0.00026       3.02      0.913     0.0427     0.0349      0.662      0.886       1.37      0.674        0.2          7       2.83          0     0.0164        0.9      0.401      0.397      0.117      0.503          0          0          0        0.5      0.627          0
     0.941       0.93      0.957      0.547     0.0263     0.0379          0     0.0106      0.153      0.952    0.00041        1.8      0.911     0.0862     0.0331      0.567      0.901       1.45        0.5        0.2       4.66       2.52          0     0.0129      0.877      0.366      0.275      0.103      0.414          0          0          0        0.5      0.893          0
     0.948      0.924      0.953      0.546     0.0307     0.0505          0     0.0109      0.108       0.98    0.00026       2.95      0.857     0.0494     0.0364       0.64      0.901       1.38      0.668        0.2          6       3.12          0     0.0156        0.9      0.391      0.306      0.117      0.506          0          0          0        0.5      0.628          0
     0.951      0.902      0.943      0.545     0.0305     0.0506          0     0.0105      0.149       0.98    0.00026       3.21      0.923      0.048     0.0346      0.569      0.901       1.21      0.781        0.2       7.17       2.83          0     0.0171      0.896      0.391      0.397      0.121      0.591          0          0          0        0.5      0.574          0
     0.952      0.913      0.947      0.541     0.0301     0.0507          0    0.00922      0.131      0.956    0.00026       3.18      0.874     0.0452     0.0351      0.651      0.917       1.36      0.671        0.2       6.46       2.83          0     0.0175      0.879      0.391      0.406      0.115      0.487          0          0          0        0.5      0.628          0
     0.947      0.919      0.952      0.539     0.0382     0.0446          0     0.0103      0.211       0.98    0.00051       2.82       0.95     0.0764     0.0488      0.701       1.11       1.41      0.819        0.2        3.7       2.92          0     0.0173      0.494      0.302      0.331     0.0744      0.393          0          0          0        0.5      0.911          0
     0.951      0.899       0.94      0.537      0.031     0.0539          0     0.0093      0.127      0.926    0.00028       2.74       0.95     0.0511     0.0346       0.65      0.925       1.36      0.713        0.2        7.1       4.14          0     0.0183        0.9      0.362      0.397      0.122      0.575          0          0          0        0.5      0.622          0
     0.919      0.894      0.937      0.533     0.0308     0.0302          0     0.0104      0.217       0.98    0.00041          3       0.95     0.0609     0.0462        0.6      0.811       1.24       1.18        0.2          2          2          0     0.0159        0.9      0.239      0.339      0.103      0.417          0          0          0        0.5          1          0
      0.94      0.937       0.95       0.52     0.0233     0.0884          0    0.00913      0.215      0.937    0.00062          3        0.8       0.11     0.0387      0.577        1.2       1.12      0.921        0.2       4.36          2          0     0.0142      0.668      0.434      0.251     0.0942      0.511          0          0          0        0.5          1          0
     0.931      0.923      0.932      0.509     0.0346      0.053          0     0.0114      0.189       0.98    0.00045       3.23      0.947     0.0833     0.0458      0.627      0.851       1.13      0.883        0.2       4.41       2.52          0      0.015      0.746      0.295      0.291        0.1      0.417          0          0          0        0.5      0.884          0
     0.892      0.903      0.925      0.495     0.0308     0.0916          0      0.011      0.189      0.918    0.00045       2.75      0.813     0.0947       0.05      0.512      0.918       1.16          1        0.2       4.02       2.19          0      0.015      0.748      0.421      0.267        0.1      0.475          0          0          0        0.5          1          0
     0.836      0.826      0.867      0.425     0.0366     0.0782          0       0.01        0.2      0.937     0.0005          3        0.8        0.1       0.05        0.5          1          1          1        0.2          4          2          0      0.015        0.7        0.4       0.25        0.1        0.5          0          0          0        0.5          1          0
     0.777      0.798      0.825      0.364     0.0403     0.0794          0     0.0101      0.198      0.948    0.00051       2.94      0.801      0.103     0.0512      0.495      0.951          1          1        0.2          4          2          0      0.016      0.678      0.387      0.249      0.106      0.507          0          0          0        0.5          1          0
